[data]
Owned = 0
Price = 0
Owner = 
Locked = 0
EnterX = 0.000000
EnterY = 0.000000
EnterZ = 0.000000
EnterA = 0.000000
ExitX = 0.000000
ExitY = 0.000000
ExitZ = 0.000000
ExitA = 0.000000
Int = 0
VW = 0
InInt = 0
InVW = 0
ID = 0
Slot1 = 9999
Slot1Ammo = 0
Slot2 = 0
Slot2Ammo = 0
Slot3 = 0
Slot3Ammo = 0
Mats = 0
Drugs = 0
