[data]
Owned = 0
Owner = Nema
Description = Nema
Money = 0
Price = 1000
EnterPrice = 0
EnterX = 1540.148193
EnterY = -2300.263183
EnterZ = 13.546875
EnterA = 1.438854
ID = 1
Name = Nema
